0.581833679954 	-0.600070315267 	 5.85205921357 	 0.203091727759 
0.615619093277 	-0.604640112342 	 5.8573672724 	 0.20575453388 
0.663267160498 	-0.633221151449 	 5.8623581765 	 0.2083807981 
0.677340010145 	-0.644600328044 	 5.86735493726 	 0.211068961521 
0.673175448751 	-0.642433811615 	 5.87280544803 	 0.213977316045 
0.701000400265 	-0.672058866 	 5.87782827491 	 0.216616310792 
0.675892443696 	-0.652626870546 	 5.88287025943 	 0.219218662179 
0.673593871253 	-0.654999026118 	 5.8883766213 	 0.222001235366 
0.672422520108 	-0.656201479773 	 5.89347757466 	 0.224524642179 
0.66265380454 	-0.646841794786 	 5.89865701228 	 0.227043266894 
0.682767717395 	-0.664969742852 	 5.90410347146 	 0.229657248908 
0.670756378828 	-0.651448349847 	 5.90931321311 	 0.232132865181 
0.684804441775 	-0.662872077667 	 5.91450846673 	 0.234578689608 
0.673493938412 	-0.648617751206 	 5.91966519382 	 0.236985437133 
0.677804731095 	-0.650640587505 	 5.92481262355 	 0.239372445267 
0.678905730937 	-0.649491675163 	 5.92995247492 	 0.241734937835 
0.702596693773 	-0.670389861529 	 5.93513127327 	 0.244094623122 
0.703479310752 	-0.669463621031 	 5.94031867265 	 0.246435177497 
0.697284863942 	-0.662889942454 	 5.9458421439 	 0.248902926801 
0.697767826751 	-0.662381549593 	 5.95106413013 	 0.251207915996 
0.717533631674 	-0.68085905797 	 5.95628820409 	 0.253487216624 
0.723920695062 	-0.687230574317 	 5.96185257719 	 0.255883328469 
0.720891525418 	-0.683871607608 	 5.96790933006 	 0.258454029587 
0.720802889209 	-0.683965029822 	 5.97317402189 	 0.26065973474 
0.714456229466 	-0.677550837997 	 5.97842620304 	 0.262828595412 
0.71131676347 	-0.674307976066 	 5.98623662487 	 0.266010879541 
0.711047762608 	-0.674591627483 	 5.99220699071 	 0.268410076093 
0.704480458094 	-0.668410027381 	 5.99749900191 	 0.270503562306 
0.704562348788 	-0.668323706905 	 6.00277741886 	 0.272560985889 
0.682091013803 	-0.646145708407 	 6.00808986231 	 0.274601880741 
0.68252671057 	-0.645685462871 	 6.0134029865 	 0.276616655206 
0.676711663158 	-0.638707845618 	 6.01870908282 	 0.278602555827 
0.681054540947 	-0.640674476246 	 6.02405452428 	 0.280579768971 
0.678677845593 	-0.636618228618 	 6.0293825959 	 0.282530342226 
0.669234983981 	-0.626910590957 	 6.03517551399 	 0.284627637917 
0.656220677667 	-0.614419057945 	 6.0405913761 	 0.286561976165 
0.649622649558 	-0.608270328709 	 6.04595164001 	 0.288447758635 
0.649320484395 	-0.608592875536 	 6.05170101424 	 0.290438031603 
0.619763702039 	-0.580780175003 	 6.05708903681 	 0.292270112363 
0.619773930856 	-0.580769259408 	 6.06246154519 	 0.29406756365 
0.619352115843 	-0.58121907629 	 6.06827332486 	 0.295979835147 
0.605702740567 	-0.569404130334 	 6.07452682747 	 0.297997838228 
0.605113707482 	-0.570030064636 	 6.08022182711 	 0.299798759 
0.604552874959 	-0.570624828544 	 6.08566625697 	 0.301484374566 
0.601014614695 	-0.567803694836 	 6.09124365889 	 0.30317465559 
0.601095616871 	-0.567717942577 	 6.09671533362 	 0.304800352646 
0.601058633585 	-0.567757097655 	 6.10216177295 	 0.30638980275 
0.588247859388 	-0.555051059215 	 6.10762485719 	 0.307954126492 
0.588505387433 	-0.554778001882 	 6.11309453676 	 0.309493999929 
0.582528563179 	-0.547969457545 	 6.11857950905 	 0.311011361506 
0.583343112869 	-0.547102244549 	 6.1240620313 	 0.31250486561 
0.571000483897 	-0.533893439645 	 6.1295417065 	 0.313976939116 
0.571787343962 	-0.533050645616 	 6.13503479048 	 0.315432160025 
0.572572923181 	-0.532206731587 	 6.14053271165 	 0.316867941224 
0.553083434804 	-0.513432696496 	 6.14606067947 	 0.318290772605 
0.546336152422 	-0.507444720021 	 6.15243133139 	 0.319900911796 
0.53306045255 	-0.495233038957 	 6.15796432193 	 0.321268352064 
0.526032896944 	-0.48954627797 	 6.16346277722 	 0.322597424168 
0.512121380009 	-0.478016545141 	 6.16905209799 	 0.323913850116 
0.511212430086 	-0.478988493197 	 6.17584946324 	 0.325468376989 


0.258043430293 	-0.722446964497 
0.297136902439 	-0.724353955451 
0.349775873759 	-0.750308730338 
0.368845484167 	-0.758999743512 
0.370131433544 	-0.753924872559 
0.402979211937 	-0.780910932197 
0.382913239893 	-0.758876585356 
0.386121029319 	-0.758466167741 
0.390050631537 	-0.757145214582 
0.385461353585 	-0.745266904881 
0.411021725619 	-0.760780870933 
0.404220128702 	-0.744783861655 
0.423463445267 	-0.753761765048 
0.417309668992 	-0.737100691063 
0.426767891408 	-0.736736519227 
0.43300874262 	-0.733225114317 
0.461878503803 	-0.751763615395 
0.467948520167 	-0.748496820523 
0.46727754461 	-0.739455392642 
0.47298249364 	-0.736642010585 
0.49797237253 	-0.752840218335 
0.50992380902 	-0.756815622837 
0.512951392238 	-0.75088595501 
0.51812744786 	-0.748773672071 
0.517032969266 	-0.740190619574 
0.521703925108 	-0.733765473513 
0.527405290087 	-0.731649928378 
0.526129996766 	-0.723374842064 
0.531490304417 	-0.721231098005 
0.514331412877 	-0.697012204655 
0.520080233831 	-0.694537184654 
0.519571282738 	-0.685573666779 
0.529259601994 	-0.685563084263 
0.532210978252 	-0.679556263381 
0.528561034731 	-0.667751330028 
0.520962590527 	-0.653325458769 
0.519724826334 	-0.645290947063 
0.525172035398 	-0.643623220922 
0.501003275614 	-0.613978439628 
0.506386012807 	-0.612170072747 
0.511775977466 	-0.610707618131 
0.504380104804 	-0.596874669095 
0.50948607136 	-0.595699682625 
0.514369668692 	-0.594608830966 
0.516408810346 	-0.590097416235 
0.521961487255 	-0.58838596692 
0.5273709433 	-0.586835671894 
0.520023253346 	-0.572565309711 
0.525750460959 	-0.570752378941 
0.525258608993 	-0.562426473028 
0.531555680936 	-0.560065755928 
0.524692727163 	-0.545384877518 
0.530972671209 	-0.543086862579 
0.537256171591 	-0.540807167352 
0.523294651039 	-0.52061030088 
0.522918020572 	-0.513012185214 
0.515175311244 	-0.499433063882 
0.513646210928 	-0.492417230791 
0.505324014764 	-0.479571072013 
0.511212430086 	-0.478988493197 


 0.768128940911	 -1.03362542853	 -0.915793295951	 -0.752866817564	 0.700548446069
